longitude,latitude,housing_median_age,total_rooms,total_bedrooms,population,households,median_income,median_house_value,ocean_proximity
-121.09,39.48,25.0,1665.0,374.0,845.0,330.0,1.5603,78100.0,INLAND
-121.21,39.49,18.0,697.0,150.0,356.0,114.0,2.5568,77100.0,INLAND
-121.22,39.43,17.0,2254.0,485.0,1007.0,433.0,1.7000,92300.0,INLAND
-121.32,39.43,18.0,1860.0,409.0,741.0,349.0,1.8672,84700.0,INLAND
-121.24,39.37,16.0,2785.0,616.0,1387.0,530.0,2.3886,89400.0,INLAND
-121.26,39.34,17.0,1556.0,351.0,707.0,314.0,2.7042,79000.0,INLAND
-121.29,39.33,14.0,2577.0,565.0,1204.0,465.0,3.0313,91900.0,INLAND
-121.07,39.48,20.0,1090.0,182.0,557.0,193.0,2.1406,64700.0,INLAND
-121.12,39.45,29.0,2672.0,531.0,1245.0,458.0,1.8090,85700.0,INLAND
-121.10,39.46,25.0,2672.0,512.0,1203.0,472.0,1.6424,68400.0,INLAND
-121.13,39.47,25.0,1639.0,366.0,845.0,330.0,2.0167,69200.0,INLAND
-121.30,39.43,20.0,2436.0,541.0,995.0,479.0,2.1429,71200.0,INLAND
-121.18,39.44,18.0,1688.0,337.0,848.0,336.0,1.8137,73900.0,INLAND
-121.12,39.45,29.0,2672.0,531.0,1245.0,458.0,1.8090,85700.0,INLAND
-121.16,39.47,25.0,1639.0,366.0,845.0,330.0,2.0167,69200.0,INLAND
-121.31,39.42,20.0,2436.0,541.0,995.0,479.0,2.1429,71200.0,INLAND
-121.22,39.44,18.0,1688.0,337.0,848.0,336.0,1.8137,73900.0,INLAND
-121.24,39.37,16.0,2785.0,616.0,1387.0,530.0,2.3886,89400.0,INLAND
-121.26,39.34,17.0,1556.0,351.0,707.0,314.0,2.7042,79000.0,INLAND
-121.29,39.33,14.0,2577.0,565.0,1204.0,465.0,3.0313,91900.0,INLAND
