Store,Dept,Temperature,Fuel_Price,CPI,Unemployment,Size,week,month,year,Actual_Sales,Predicted_Sales
28,40,50.43,3.599,130.1575161,12.187,206302,1,1,2012,50932.42,48154.05990000006
18,93,38.1,3.876,137.5066897,8.075,120653,10,3,2012,3196.12,3140.120600000003
38,4,76.67,4.087,129.0623548,13.736,39690,21,5,2011,10125.03,10476.378600000002
29,33,43.43,2.805,131.784,10.064,93638,10,3,2010,3311.26,3941.6998000000035
13,52,45.12,2.841,126.4364194,7.795,219622,43,10,2010,6335.65,5248.861300000002
13,49,77.3,3.563,129.1125,6.877,219622,27,7,2011,8971.23,8883.459500000004
12,27,77.99,4.193,131.1266667,11.627,112238,17,4,2012,1575.35,1501.3887999999993
10,49,82.27,3.877,129.6060667,8.257,126512,39,9,2011,17308.45,19327.819199999987
11,33,86.13,3.594,218.45094,7.574,207499,25,6,2011,5763.39,7230.031900000001
26,82,64.94,3.538,138.2296333,7.405,152513,27,7,2012,17034.57,16339.782399999991
5,60,76.65,3.717,223.1734167,5.603,34875,37,9,2012,252.0,250.472
31,36,84.71,3.648,214.6964908,7.931,203750,23,6,2011,5927.0,5366.299
19,10,32.92,2.919,131.735,8.35,203819,9,3,2010,23193.57,24393.9599
34,97,42.74,3.619,130.6457931,9.653,158114,9,3,2012,16863.99,17297.0728
5,5,85.81,3.524,215.7474537,6.529,34875,26,7,2011,6469.61,5479.7080999999935
23,38,14.5,3.24,133.1834194,5.114,114533,5,2,2011,40789.48,39750.20460000005
34,30,55.04,2.805,126.4713333,9.593,158114,16,4,2010,1996.0,1910.7004000000018
36,1,50.87,2.52,210.0771885,8.554,39910,8,2,2010,1451.39,1971.435200000001
6,28,58.82,2.667,212.9037017,7.259,202505,10,3,2010,795.89,792.5652000000008
37,97,81.76,3.311,220.6148749,6.623,39910,29,7,2012,13189.29,13448.7132
18,8,28.16,3.15,132.7477419,9.331,120653,51,12,2010,46070.05,36690.21470000002
2,46,68.07,2.808,210.1495463,8.2,202307,15,4,2010,28595.87,27832.621200000005
32,54,39.9,3.286,196.9631599,8.256,203007,10,3,2012,10.0,30.270700000000048
9,90,89.04,3.48,218.8755955,6.404,125833,27,7,2011,3473.7,3302.1105999999963
6,90,49.03,3.51,222.026359,6.132,202505,7,2,2012,56617.34,55346.07929999997
34,35,77.16,3.57,129.0663,10.581,158114,25,6,2011,1768.0,1774.2381000000005
24,93,33.98,2.91,131.686,8.326,203819,8,2,2010,28939.62,33819.14759999997
1,25,63.71,3.353,217.5159762,7.866,151315,42,10,2011,9014.23,9577.278099999989
12,11,50.43,3.675,130.3144516,12.187,112238,4,1,2012,16038.56,15579.772199999989
13,56,61.79,3.815,131.0756667,5.621,219622,40,10,2012,3414.77,2372.1804999999995
11,35,51.51,3.016,215.1268275,7.551,207499,3,1,2011,2416.5,2969.9876
26,41,15.22,3.542,136.8564194,7.467,152513,3,1,2012,493.5,1790.9323000000004
24,98,42.31,2.938,131.784,8.326,203819,10,3,2010,9837.14,10599.405199999994
4,36,59.07,3.759,130.8966452,4.607,205863,12,3,2012,2120.0,3179.2463000000002
29,9,71.3,3.82,136.183129,9.863,93638,33,8,2011,14890.55,15849.151699999993
37,96,82.3,2.668,210.2135668,8.464,39910,23,6,2010,19058.62,20677.263700000003
18,22,47.55,2.831,131.863129,9.202,120653,12,3,2010,14391.09,14715.91879999999
31,74,76.1,3.717,222.2174395,6.565,203750,37,9,2012,11250.46,14481.387900000009
13,29,41.72,3.616,128.9107333,7.193,219622,15,4,2011,4232.54,5268.8481999999985
39,40,53.55,2.708,210.376263,8.476,184109,48,12,2010,55442.62,53623.214899999984
33,90,68.43,3.004,126.6019032,9.849,39690,14,4,2010,30293.31,26411.29529999996
15,36,70.63,3.995,136.144129,7.806,123737,32,8,2011,162.96,476.5258000000001
7,4,64.67,3.646,197.8322195,7.872,70713,27,7,2012,22442.33,19723.58770000002
4,19,79.14,3.263,130.7012903,4.077,205863,29,7,2012,1734.02,1883.0646999999994
28,42,93.19,3.129,126.0892903,14.18,206302,34,8,2010,5711.03,6051.5701000000045
12,36,51.72,3.674,128.26475,14.021,112238,9,3,2011,802.5,888.9717999999999
45,79,72.98,3.747,186.5093071,8.625,118221,33,8,2011,13689.64,15460.115999999996
4,79,40.31,3.29,130.3144516,4.607,205863,4,1,2012,50912.17,51236.60680000002
43,38,76.03,3.899,207.7281429,10.581,41062,19,5,2011,63496.58,56276.2064
32,55,29.97,2.742,191.0121805,9.137,203007,47,11,2010,37008.51,30620.107599999974
28,5,50.74,3.342,127.5800323,14.021,206302,4,1,2011,27247.94,24928.85140000002
2,13,65.69,3.877,221.2021074,6.891,202307,16,4,2012,46514.01,44205.29650000003
34,27,63.05,3.872,129.089,10.581,158114,19,5,2011,597.09,580.4173000000002
14,3,50.04,3.953,190.6107463,8.424,200898,13,3,2012,12753.99,12808.975400000001
42,1,77.91,3.842,129.7821613,7.874,39690,42,10,2011,10826.88,12319.0326
26,12,28.13,3.6,133.7361429,7.907,152513,10,3,2011,3205.33,3242.8522999999986
22,79,54.18,4.029,142.9376167,7.543,119557,41,10,2012,15715.89,14766.48319999998
43,83,78.86,2.582,203.4499286,9.816,41062,37,9,2010,5622.14,5153.788000000004
31,93,59.52,3.288,213.4775305,8.028,203750,9,3,2011,54642.76,54712.14100000007
24,87,58.49,4.211,134.593,8.212,203819,19,5,2011,22182.36,23648.385799999996
38,2,90.47,3.875,130.7562667,11.627,39690,26,6,2012,11475.01,11769.674200000009
45,30,67.87,3.948,191.69985,8.684,118221,37,9,2012,2815.04,2703.9022999999997
7,20,25.69,3.414,192.1964844,8.818,70713,12,3,2011,2508.03,2186.1930999999972
8,40,69.09,3.526,219.4442443,6.425,155078,37,9,2011,36720.77,36697.19600000005
39,16,52.45,2.943,210.182398,8.476,184109,52,12,2010,5365.71,4884.5397
35,31,36.96,3.567,140.9124021,8.744,103681,4,1,2012,3002.56,3102.7148999999995
43,96,85.73,3.452,213.1702811,9.575,41062,23,6,2012,26893.13,28891.117800000007
45,83,71.36,2.755,182.6104063,8.743,118221,34,8,2010,1018.16,1063.6288000000013
37,28,85.89,3.571,220.7199609,6.623,39910,33,8,2012,84.91,78.46960000000006
36,16,77.34,2.767,209.3922937,8.464,39910,20,5,2010,772.73,1041.3897
19,27,73.2,3.886,135.6283333,7.806,203819,27,7,2011,1117.9,1315.0577999999991
13,48,54.12,2.845,126.3266774,7.795,219622,41,10,2010,756.0,1732.0824
6,28,39.38,3.022,214.4630941,6.858,202505,6,2,2011,644.05,778.6468000000002
42,21,88.44,3.112,126.1283548,9.199,39690,29,7,2010,1326.86,1213.359
26,82,47.17,3.988,134.4357333,7.818,152513,17,4,2011,10651.88,11604.046900000001
3,24,87.36,3.571,225.5558664,6.334,37392,33,8,2012,5329.17,4735.955599999996
31,27,59.87,3.045,212.9033115,8.028,203750,7,2,2011,1511.97,1391.1171000000002
24,46,76.56,2.933,132.5667742,8.117,203819,28,7,2010,16263.13,20310.253899999996
41,17,27.49,3.077,196.7330517,6.589,196321,2,1,2012,10323.45,10619.28420000001
32,35,48.87,3.548,195.1789994,8.513,203007,42,10,2011,2409.14,1911.0322999999992
34,96,28.84,3.119,130.0710323,10.148,158114,52,12,2011,27612.49,27025.182899999993
1,38,87.16,2.627,211.5046621,7.787,151315,31,8,2010,93809.75,79958.549
7,55,43.01,3.75,199.1481963,7.557,70713,42,10,2012,3803.58,4523.5388
31,14,58.71,2.689,211.6135053,8.163,203750,44,11,2010,15568.01,15523.424199999992
24,49,43.39,3.796,133.8492258,8.252,203819,11,3,2011,6277.06,5647.095999999996
18,32,71.42,3.798,138.1138065,8.304,120653,22,6,2012,7988.56,8632.836100000004
3,9,75.81,2.826,213.9116886,7.343,37392,20,5,2010,6127.31,6467.203400000001
10,67,71.06,3.127,126.2898,9.524,126512,18,5,2010,29012.95,18628.91600000002
28,81,45.4,3.541,129.9845484,12.89,206302,51,12,2011,20829.17,19526.73829999999
4,19,82.98,3.617,129.2015806,5.644,205863,32,8,2011,2720.51,2585.0658999999987
5,32,71.17,3.617,223.7744444,5.422,34875,40,10,2012,3047.58,2410.6313999999984
32,97,24.26,3.113,196.9432711,8.256,203007,7,2,2012,15952.32,16273.209799999997
34,32,65.99,3.771,129.0623548,10.581,158114,21,5,2011,3679.26,4834.589399999998
8,83,83.94,3.594,218.4979481,6.297,155078,25,6,2011,2188.02,2379.2270000000026
20,8,56.26,3.969,216.1464699,7.293,203742,42,10,2012,80737.08,84943.96379999995
29,18,62.39,3.85,138.1101935,9.14,93638,21,5,2012,0.97,-6.074499999999995
19,9,36.22,3.796,137.0632581,7.943,203819,5,2,2012,15474.79,14431.660900000003
3,72,75.81,2.826,213.9116886,7.343,37392,20,5,2010,14531.14,12986.913300000006
20,20,47.27,3.53,210.9810201,7.082,203742,45,11,2011,6232.42,6437.8187
13,52,48.33,2.941,126.3805667,8.107,219622,17,4,2010,4428.53,4757.118900000006
2,25,87.7,3.48,214.9296249,7.852,202307,27,7,2011,14355.06,13646.795100000003
35,82,65.15,3.848,142.0970115,8.876,103681,20,5,2012,10493.11,10519.511200000008
10,49,76.67,3.058,126.1602258,9.524,126512,21,5,2010,22647.63,19560.922800000004
2,29,55.43,3.524,214.4886908,7.931,202307,13,4,2011,6076.14,6410.864799999992
7,97,58.0,2.711,189.5231276,9.017,70713,27,7,2010,3017.04,2473.8463
18,52,31.59,3.263,133.3701429,9.131,120653,7,2,2011,3251.99,3208.1000000000004
21,17,45.31,2.561,210.9759573,8.324,140167,8,2,2010,10370.57,9938.494399999992
13,52,57.71,2.95,126.1843871,8.107,219622,20,5,2010,4680.84,4675.901600000001
22,49,74.75,2.81,136.4928214,8.433,119557,32,8,2010,-4.97,3.590300000000001
44,6,38.97,2.877,126.6019032,7.972,39910,14,4,2010,25.29,29.660700000000038
2,10,79.45,3.666,222.6164329,6.565,202307,39,9,2012,37104.67,37817.41159999996
12,16,50.43,3.675,130.3144516,12.187,112238,4,1,2012,2628.05,4152.869899999997
22,92,76.3,2.796,136.4179827,8.433,119557,28,7,2010,40746.43,42913.479600000035
12,55,52.27,4.178,130.6457931,12.187,112238,9,3,2012,15763.8,15653.440200000003
4,94,47.12,3.286,129.8167097,5.143,205863,45,11,2011,63555.46,67938.40580000002
11,79,83.01,2.642,214.4265704,7.346,207499,27,7,2010,32220.15,31289.31540000001
12,93,73.05,3.842,129.7821613,12.89,112238,42,10,2011,551.78,569.8666000000007
16,41,28.6,2.973,191.5731924,6.614,57197,3,1,2011,1687.84,1353.0813999999996
31,40,37.77,2.548,210.8979935,8.324,203750,6,2,2010,58870.0,59096.49210000004
23,41,70.2,2.784,132.5825806,5.326,114533,29,7,2010,1508.0,1629.0381999999995
33,93,93.95,3.769,130.7195806,7.147,39690,30,7,2012,16426.34,20662.697799999998
17,28,53.79,2.871,126.1360645,6.635,93188,22,6,2010,1396.14,1171.8433999999997
5,60,51.31,2.708,212.1613951,6.768,34875,48,12,2010,308.0,346.51280000000037
24,91,61.05,4.17,137.9230667,8.983,203819,16,4,2012,47880.39,49606.948199999984
22,12,68.08,3.809,140.2735,8.023,119557,37,9,2011,3224.95,3690.1736000000014
18,24,45.99,3.919,134.3571,8.975,120653,16,4,2011,9027.83,8404.7387
35,91,69.02,2.966,135.962,9.051,103681,18,5,2010,13261.28,11433.833400000009
20,52,62.01,3.689,214.5527132,7.139,203742,23,6,2012,2973.09,3570.447899999999
14,74,56.49,2.764,182.7640032,8.724,200898,40,10,2010,25376.36,26930.4838
9,13,42.44,3.261,223.6168049,5.667,125833,2,1,2012,19408.38,22503.241500000007
8,21,43.47,3.157,223.2409668,5.825,155078,1,1,2012,4051.67,3936.7099
45,52,67.21,3.798,191.0028096,8.567,118221,21,5,2012,1519.92,1520.7324999999996
18,91,63.23,3.873,135.0837333,8.975,120653,24,6,2011,6496.3,7062.298700000002
34,40,59.18,2.81,126.5621,9.593,158114,15,4,2010,37304.71,36755.81429999999
17,83,57.14,2.841,126.1119032,6.635,93188,23,6,2010,535.1,504.6555999999995
35,81,70.92,3.645,140.381,8.684,103681,39,9,2011,5369.25,6862.067200000004
25,9,28.5,3.638,207.8823043,7.287,128107,13,4,2011,10406.4,10810.491200000006
24,59,36.73,2.919,131.735,8.326,203819,9,3,2010,607.78,627.0518999999999
11,10,45.34,2.983,214.7470729,7.551,207499,2,1,2011,19555.78,21446.523
17,71,61.48,3.641,129.4306,6.745,93188,37,9,2011,5320.06,5112.964699999999
41,25,55.24,3.837,197.5553137,6.547,196321,20,5,2012,8622.04,8958.003700000007
41,17,54.82,3.596,194.7419707,6.901,196321,37,9,2011,11325.61,10951.733999999991
25,94,67.69,3.798,214.5499425,7.139,128107,21,5,2012,5686.7,5673.343400000001
1,1,79.35,3.393,221.7626421,7.143,151315,24,6,2012,17558.82,16955.818399999993
19,92,26.83,3.301,132.6804516,8.067,203819,50,12,2010,129070.04,135413.90610000017
27,46,32.44,2.909,135.4657781,8.237,204184,7,2,2010,36708.48,28387.921499999975
20,50,76.03,2.781,204.605272,7.527,203742,30,7,2010,3939.87,3732.0207999999957
27,37,44.46,3.738,140.4279758,7.906,204184,44,11,2011,3056.86,2704.3537999999985
15,25,21.39,3.705,136.8564194,7.943,123737,3,1,2012,7746.24,5837.083299999999
13,36,62.39,3.801,131.0287742,5.965,219622,21,5,2012,2966.0,3258.5028000000016
25,44,32.42,3.389,212.4035763,7.082,128107,52,12,2011,3007.86,3439.776399999999
3,74,78.69,3.81,219.0236099,7.574,37392,17,4,2011,3341.87,3330.0085000000004
24,35,48.0,3.757,136.4884516,8.454,203819,43,10,2011,2657.87,2959.011599999998
20,40,55.43,2.899,203.7307486,7.856,203742,15,4,2010,82733.14,84160.64000000007
8,81,42.47,2.843,214.8155214,6.433,155078,49,12,2010,12511.37,12680.29610000001
16,26,67.68,2.699,189.6125456,6.868,57197,28,7,2010,1275.52,1649.5902999999994
38,81,89.85,3.842,129.0894,13.503,39690,26,7,2011,10693.28,10691.368999999995
19,20,56.72,4.054,137.6552903,7.943,203819,12,3,2012,5535.51,5983.817699999996
31,17,88.09,3.407,221.5785461,6.565,203750,30,7,2012,6442.25,7368.995900000002
35,17,49.4,3.953,141.6990864,8.744,103681,13,3,2012,12921.96,14773.096799999998
7,21,18.79,3.103,196.9195056,8.256,70713,6,2,2012,1422.36,1749.5855999999999
7,80,30.1,3.286,196.9631599,8.256,70713,10,3,2012,550.42,684.5276000000002
13,10,64.8,3.821,131.043,5.765,219622,39,9,2012,29102.64,30780.705900000023
7,83,59.33,3.723,197.692292,8.09,70713,24,6,2012,687.0,633.5107999999999
8,6,73.77,3.62,225.7418442,5.401,155078,34,8,2012,2145.52,2672.0035
20,24,55.43,2.899,203.7307486,7.856,203742,15,4,2010,6669.97,8354.646600000002
