Store,Dept,Temperature,Fuel_Price,CPI,Unemployment,Size,week,month,year,Actual_Sales,Predicted_Sales
28,40,50.43,3.599,130.1575161,12.187,206302,1,1,2012,50932.42,48154.0599
18,93,38.1,3.876,137.5066897,8.075,120653,10,3,2012,3196.12,3140.1206
38,4,76.67,4.087,129.0623548,13.736,39690,21,5,2011,10125.03,10476.3786
29,33,43.43,2.805,131.784,10.064,93638,10,3,2010,3311.26,3941.6998
13,52,45.12,2.841,126.4364194,7.795,219622,43,10,2010,6335.65,5248.8613
13,49,77.3,3.563,129.1125,6.877,219622,27,7,2011,8971.23,8883.4595
12,27,77.99,4.193,131.1266667,11.627,112238,17,4,2012,1575.35,1501.3888
10,49,82.27,3.877,129.6060667,8.257,126512,39,9,2011,17308.45,19327.8192
11,33,86.13,3.594,218.45094,7.574,207499,25,6,2011,5763.39,7230.0319
26,82,64.94,3.538,138.2296333,7.405,152513,27,7,2012,17034.57,16339.7824
5,60,76.65,3.717,223.1734167,5.603,34875,37,9,2012,252,250.472
31,36,84.71,3.648,214.6964908,7.931,203750,23,6,2011,5927,5366.299
19,10,32.92,2.919,131.735,8.35,203819,9,3,2010,23193.57,24393.9599
34,97,42.74,3.619,130.6457931,9.653,158114,9,3,2012,16863.99,17297.0728
5,5,85.81,3.524,215.7474537,6.529,34875,26,7,2011,6469.61,5479.7081
23,38,14.5,3.24,133.1834194,5.114,114533,5,2,2011,40789.48,39750.2046
34,30,55.04,2.805,126.4713333,9.593,158114,16,4,2010,1996,1910.7004
36,1,50.87,2.52,210.0771885,8.554,39910,8,2,2010,1451.39,1971.4352
6,28,58.82,2.667,212.9037017,7.259,202505,10,3,2010,795.89,792.5652
37,97,81.76,3.311,220.6148749,6.623,39910,29,7,2012,13189.29,13448.7132
18,8,28.16,3.15,132.7477419,9.331,120653,51,12,2010,46070.05,36690.2147
2,46,68.07,2.808,210.1495463,8.2,202307,15,4,2010,28595.87,27832.6212
32,54,39.9,3.286,196.9631599,8.256,203007,10,3,2012,10,30.2707
9,90,89.04,3.48,218.8755955,6.404,125833,27,7,2011,3473.7,3302.1106
6,90,49.03,3.51,222.026359,6.132,202505,7,2,2012,56617.34,55346.0793
34,35,77.16,3.57,129.0663,10.581,158114,25,6,2011,1768,1774.2381
24,93,33.98,2.91,131.686,8.326,203819,8,2,2010,28939.62,33819.1476
1,25,63.71,3.353,217.5159762,7.866,151315,42,10,2011,9014.23,9577.2781
12,11,50.43,3.675,130.3144516,12.187,112238,4,1,2012,16038.56,15579.7722
13,56,61.79,3.815,131.0756667,5.621,219622,40,10,2012,3414.77,2372.1805
11,35,51.51,3.016,215.1268275,7.551,207499,3,1,2011,2416.5,2969.9876
26,41,15.22,3.542,136.8564194,7.467,152513,3,1,2012,493.5,1790.9323
24,98,42.31,2.938,131.784,8.326,203819,10,3,2010,9837.14,10599.4052
4,36,59.07,3.759,130.8966452,4.607,205863,12,3,2012,2120,3179.2463
29,9,71.3,3.82,136.183129,9.863,93638,33,8,2011,14890.55,15849.1517
37,96,82.3,2.668,210.2135668,8.464,39910,23,6,2010,19058.62,20677.2637
18,22,47.55,2.831,131.863129,9.202,120653,12,3,2010,14391.09,14715.9188
31,74,76.1,3.717,222.2174395,6.565,203750,37,9,2012,11250.46,14481.3879
13,29,41.72,3.616,128.9107333,7.193,219622,15,4,2011,4232.54,5268.8482
39,40,53.55,2.708,210.376263,8.476,184109,48,12,2010,55442.62,53623.2149
33,90,68.43,3.004,126.6019032,9.849,39690,14,4,2010,30293.31,26411.2953
15,36,70.63,3.995,136.144129,7.806,123737,32,8,2011,162.96,476.5258
7,4,64.67,3.646,197.8322195,7.872,70713,27,7,2012,22442.33,19723.5877
4,19,79.14,3.263,130.7012903,4.077,205863,29,7,2012,1734.02,1883.0647
28,42,93.19,3.129,126.0892903,14.18,206302,34,8,2010,5711.03,6051.5701
12,36,51.72,3.674,128.26475,14.021,112238,9,3,2011,802.5,888.9718
45,79,72.98,3.747,186.5093071,8.625,118221,33,8,2011,13689.64,15460.116
4,79,40.31,3.29,130.3144516,4.607,205863,4,1,2012,50912.17,51236.6068
43,38,76.03,3.899,207.7281429,10.581,41062,19,5,2011,63496.58,56276.2064
32,55,29.97,2.742,191.0121805,9.137,203007,47,11,2010,37008.51,30620.1076
28,5,50.74,3.342,127.5800323,14.021,206302,4,1,2011,27247.94,24928.8514
2,13,65.69,3.877,221.2021074,6.891,202307,16,4,2012,46514.01,44205.2965
34,27,63.05,3.872,129.089,10.581,158114,19,5,2011,597.09,580.4173
14,3,50.04,3.953,190.6107463,8.424,200898,13,3,2012,12753.99,12808.9754
42,1,77.91,3.842,129.7821613,7.874,39690,42,10,2011,10826.88,12319.0326
26,12,28.13,3.6,133.7361429,7.907,152513,10,3,2011,3205.33,3242.8523
22,79,54.18,4.029,142.9376167,7.543,119557,41,10,2012,15715.89,14766.4832
43,83,78.86,2.582,203.4499286,9.816,41062,37,9,2010,5622.14,5153.788
31,93,59.52,3.288,213.4775305,8.028,203750,9,3,2011,54642.76,54712.141
24,87,58.49,4.211,134.593,8.212,203819,19,5,2011,22182.36,23648.3858
38,2,90.47,3.875,130.7562667,11.627,39690,26,6,2012,11475.01,11769.6742
45,30,67.87,3.948,191.69985,8.684,118221,37,9,2012,2815.04,2703.9023
7,20,25.69,3.414,192.1964844,8.818,70713,12,3,2011,2508.03,2186.1931
8,40,69.09,3.526,219.4442443,6.425,155078,37,9,2011,36720.77,36697.196
39,16,52.45,2.943,210.182398,8.476,184109,52,12,2010,5365.71,4884.5397
35,31,36.96,3.567,140.9124021,8.744,103681,4,1,2012,3002.56,3102.7149
43,96,85.73,3.452,213.1702811,9.575,41062,23,6,2012,26893.13,28891.1178
45,83,71.36,2.755,182.6104063,8.743,118221,34,8,2010,1018.16,1063.6288
37,28,85.89,3.571,220.7199609,6.623,39910,33,8,2012,84.91,78.4696
36,16,77.34,2.767,209.3922937,8.464,39910,20,5,2010,772.73,1041.3897
19,27,73.2,3.886,135.6283333,7.806,203819,27,7,2011,1117.9,1315.0578
13,48,54.12,2.845,126.3266774,7.795,219622,41,10,2010,756,1732.0824
6,28,39.38,3.022,214.4630941,6.858,202505,6,2,2011,644.05,778.6468
42,21,88.44,3.112,126.1283548,9.199,39690,29,7,2010,1326.86,1213.359
26,82,47.17,3.988,134.4357333,7.818,152513,17,4,2011,10651.88,11604.0469
3,24,87.36,3.571,225.5558664,6.334,37392,33,8,2012,5329.17,4735.9556
31,27,59.87,3.045,212.9033115,8.028,203750,7,2,2011,1511.97,1391.1171
24,46,76.56,2.933,132.5667742,8.117,203819,28,7,2010,16263.13,20310.2539
41,17,27.49,3.077,196.7330517,6.589,196321,2,1,2012,10323.45,10619.2842
32,35,48.87,3.548,195.1789994,8.513,203007,42,10,2011,2409.14,1911.0323
34,96,28.84,3.119,130.0710323,10.148,158114,52,12,2011,27612.49,27025.1829
1,38,87.16,2.627,211.5046621,7.787,151315,31,8,2010,93809.75,79958.549
7,55,43.01,3.75,199.1481963,7.557,70713,42,10,2012,3803.58,4523.5388
31,14,58.71,2.689,211.6135053,8.163,203750,44,11,2010,15568.01,15523.4242
24,49,43.39,3.796,133.8492258,8.252,203819,11,3,2011,6277.06,5647.096
18,32,71.42,3.798,138.1138065,8.304,120653,22,6,2012,7988.56,8632.8361
3,9,75.81,2.826,213.9116886,7.343,37392,20,5,2010,6127.31,6467.2034
10,67,71.06,3.127,126.2898,9.524,126512,18,5,2010,29012.95,18628.916
28,81,45.4,3.541,129.9845484,12.89,206302,51,12,2011,20829.17,19526.7383
4,19,82.98,3.617,129.2015806,5.644,205863,32,8,2011,2720.51,2585.0659
5,32,71.17,3.617,223.7744444,5.422,34875,40,10,2012,3047.58,2410.6314
32,97,24.26,3.113,196.9432711,8.256,203007,7,2,2012,15952.32,16273.2098
34,32,65.99,3.771,129.0623548,10.581,158114,21,5,2011,3679.26,4834.5894
8,83,83.94,3.594,218.4979481,6.297,155078,25,6,2011,2188.02,2379.227
20,8,56.26,3.969,216.1464699,7.293,203742,42,10,2012,80737.08,84943.9638
29,18,62.39,3.85,138.1101935,9.14,93638,21,5,2012,0.97,-6.
